R2
9
0.019702 0.009248 0.018363 0.018723 0.021378 0.004633 0.007861 0.018015 0.006514 
0.012990 0.011195 0.014747 0.008554 0.012039 0.022330 0.021485 0.014907 0.016820 
0.003321 0.014233 0.000382 0.005696 0.003218 0.018858 0.003674 0.009402 0.003044 
0.002552 0.023425 0.005118 0.012028 0.019677 0.014366 0.006942 0.014950 0.012294 
0.011574 0.022811 0.006859 0.018088 0.012352 0.018054 0.009385 0.020906 0.006644 
0.008265 0.018941 0.021551 0.001636 0.022261 0.012334 0.002018 0.004507 0.015552 
0.020876 0.008181 0.001505 0.000470 0.010733 0.001480 0.005588 0.022761 0.021157 
0.019954 0.006253 0.012657 0.008799 0.017828 0.012019 0.015658 0.012466 0.000921 
0.010262 0.021851 0.021827 0.016906 0.006667 0.017318 0.015007 0.008302 0.016130 
