R2
15
0.007079 0.003323 0.006598 0.006727 0.007681 0.001664 0.002824 0.006473 0.002340 0.004667 0.004022 0.005298 0.003073 0.004326 0.008023 
0.007719 0.005356 0.006043 0.001193 0.005114 0.000137 0.002046 0.001156 0.006775 0.001320 0.003378 0.001094 0.000917 0.008416 0.001839 
0.004322 0.007070 0.005162 0.002494 0.005372 0.004417 0.004159 0.008196 0.002465 0.006499 0.004438 0.006487 0.003372 0.007511 0.002387 
0.002970 0.006805 0.007743 0.000588 0.007998 0.004432 0.000725 0.001619 0.005588 0.007500 0.002940 0.000541 0.000169 0.003856 0.000532 
0.002008 0.008178 0.007601 0.007169 0.002247 0.004548 0.003161 0.006405 0.004318 0.005626 0.004479 0.000331 0.003687 0.007851 0.007842 
0.006074 0.002395 0.006222 0.005392 0.002983 0.005795 0.001398 0.003708 0.007415 0.006986 0.002783 0.001929 0.007527 0.002952 0.005785 
0.008058 0.004959 0.005538 0.007235 0.003703 0.007785 0.003357 0.006865 0.005765 0.007675 0.004065 0.001818 0.008006 0.007752 0.001244 
0.007423 0.005401 0.003639 0.005220 0.002368 0.006622 0.002590 0.003766 0.001905 0.001580 0.002327 0.004688 0.003509 0.001429 0.007640 
0.000869 0.001062 0.004174 0.006407 0.008297 0.007878 0.005767 0.003228 0.006317 0.003106 0.002478 0.001957 0.004924 0.002059 0.001284 
0.006169 0.001057 0.006685 0.001383 0.006277 0.000628 0.008005 0.000443 0.004394 0.001485 0.002023 0.006722 0.006173 0.005532 0.008151 
0.005388 0.006401 0.000788 0.001137 0.004383 0.000659 0.000589 0.001724 0.003888 0.006906 0.004830 0.006366 0.000438 0.001330 0.008425 
0.001722 0.007498 0.001057 0.008407 0.000455 0.007335 0.000609 0.000035 0.007777 0.005004 0.001520 0.001374 0.003300 0.007692 0.006906 
0.003025 0.004655 0.004882 0.003813 0.005791 0.000839 0.004472 0.006380 0.002564 0.008360 0.004861 0.007394 0.006300 0.005299 0.000298 
0.006300 0.007020 0.007797 0.007358 0.007002 0.008252 0.006267 0.007611 0.008287 0.005619 0.004190 0.001381 0.006993 0.007490 0.000649 
0.005474 0.002090 0.005304 0.001931 0.005903 0.002670 0.002770 0.001950 0.000625 0.005334 0.001884 0.005486 0.004303 0.008185 0.002359 
