R2
21
0.003720 0.001746 0.003468 0.003536 0.004037 0.000875 0.001484 0.003402 0.001230 0.002453 0.002114 0.002785 0.001615 0.002273 0.004217 0.004057 0.002815 0.003176 0.000627 0.002688 0.000072 
0.001076 0.000608 0.003561 0.000694 0.001775 0.000575 0.000482 0.004423 0.000966 0.002271 0.003716 0.002713 0.001311 0.002823 0.002322 0.002186 0.004308 0.001295 0.003416 0.002332 0.003409 
0.001772 0.003948 0.001255 0.001561 0.003577 0.004070 0.000309 0.004204 0.002329 0.000381 0.000851 0.002937 0.003942 0.001545 0.000284 0.000089 0.002027 0.000279 0.001055 0.004298 0.003995 
0.003768 0.001181 0.002390 0.001661 0.003366 0.002270 0.002957 0.002354 0.000174 0.001938 0.004126 0.004122 0.003192 0.001259 0.003270 0.002834 0.001568 0.003046 0.000735 0.001949 0.003897 
0.003672 0.001463 0.001014 0.003956 0.001551 0.003041 0.004235 0.002607 0.002911 0.003802 0.001946 0.004091 0.001764 0.003608 0.003030 0.004034 0.002137 0.000956 0.004208 0.004074 0.000654 
0.003901 0.002839 0.001913 0.002744 0.001245 0.003480 0.001361 0.001979 0.001001 0.000830 0.001223 0.002464 0.001844 0.000751 0.004015 0.000457 0.000558 0.002194 0.003367 0.004361 0.004140 
0.003031 0.001697 0.003320 0.001632 0.001303 0.001028 0.002588 0.001082 0.000675 0.003242 0.000556 0.003514 0.000727 0.003299 0.000330 0.004207 0.000233 0.002310 0.000780 0.001063 0.003533 
0.003244 0.002907 0.004284 0.002832 0.003364 0.000414 0.000597 0.002304 0.000346 0.000310 0.000906 0.002043 0.003630 0.002539 0.003346 0.000230 0.000699 0.004428 0.000905 0.003941 0.000556 
0.004418 0.000239 0.003855 0.000320 0.000018 0.004087 0.002630 0.000799 0.000722 0.001734 0.004043 0.003630 0.001590 0.002446 0.002566 0.002004 0.003044 0.000441 0.002350 0.003353 0.001347 
0.004394 0.002555 0.003886 0.003311 0.002785 0.000157 0.003311 0.003690 0.004098 0.003867 0.003680 0.004337 0.003294 0.004000 0.004355 0.002953 0.002202 0.000726 0.003675 0.003936 0.000341 
0.002877 0.001098 0.002787 0.001015 0.003102 0.001403 0.001456 0.001025 0.000328 0.002803 0.000990 0.002883 0.002261 0.004302 0.001240 0.002418 0.003185 0.000502 0.002088 0.002624 0.004182 
0.001997 0.001489 0.003754 0.001924 0.000014 0.001527 0.002650 0.003690 0.001036 0.002991 0.002139 0.002134 0.001350 0.003153 0.000808 0.002753 0.000181 0.001833 0.003082 0.002984 0.002824 
0.001537 0.000818 0.002697 0.002777 0.003236 0.001454 0.003279 0.000895 0.004078 0.003032 0.002892 0.001139 0.002358 0.000388 0.001153 0.003885 0.003038 0.000415 0.000493 0.001601 0.002554 
0.002627 0.002952 0.001279 0.003435 0.001277 0.001460 0.000840 0.004359 0.000016 0.003664 0.001468 0.000833 0.001933 0.004245 0.004069 0.003387 0.003096 0.000536 0.003037 0.001700 0.003429 
0.004176 0.004057 0.003817 0.000901 0.003514 0.002427 0.001316 0.004007 0.004028 0.003870 0.002206 0.002551 0.000721 0.001213 0.003828 0.002180 0.002053 0.003759 0.002196 0.001289 0.000799 
0.003030 0.003222 0.000616 0.002671 0.002180 0.003711 0.003207 0.000789 0.000983 0.002208 0.000537 0.000612 0.001596 0.001438 0.004127 0.004023 0.002755 0.003706 0.003623 0.002197 0.001483 
0.001746 0.002917 0.002696 0.001146 0.000670 0.000321 0.000478 0.002866 0.001610 0.001276 0.001467 0.000404 0.001892 0.004138 0.002584 0.001175 0.002917 0.003373 0.002158 0.000696 0.003910 
0.002770 0.002292 0.000920 0.002469 0.001887 0.003675 0.001746 0.001082 0.001444 0.003230 0.002828 0.004361 0.001498 0.003974 0.000603 0.001819 0.000024 0.003468 0.003429 0.001300 0.000508 
0.003833 0.003193 0.000218 0.001989 0.004368 0.003135 0.000934 0.002098 0.003831 0.000416 0.000441 0.001695 0.001336 0.002910 0.003583 0.000583 0.000228 0.000237 0.002027 0.003458 0.003065 
0.001960 0.000527 0.002611 0.002562 0.002346 0.002635 0.001603 0.001347 0.003935 0.002110 0.000752 0.002700 0.002328 0.002741 0.002640 0.001035 0.003674 0.000310 0.000438 0.004090 0.000751 
0.002133 0.000998 0.003661 0.001288 0.001582 0.003889 0.001524 0.003608 0.002919 0.000161 0.001140 0.003446 0.002772 0.003702 0.001365 0.000979 0.000877 0.002712 0.000486 0.002987 0.003464 
