R2
27
0.002237 0.001050 0.002085 0.002126 0.002427 0.000526 0.000892 0.002045 0.000740 0.001475 0.001271 0.001674 0.000971 0.001367 0.002535 0.002439 0.001692 0.001910 0.000377 0.001616 0.000043 0.000647 0.000365 0.002141 0.000417 0.001067 0.000346 
0.000290 0.002659 0.000581 0.001366 0.002234 0.001631 0.000788 0.001697 0.001396 0.001314 0.002590 0.000779 0.002054 0.001402 0.002050 0.001066 0.002373 0.000754 0.000938 0.002150 0.002447 0.000186 0.002527 0.001400 0.000229 0.000512 0.001766 
0.002370 0.000929 0.000171 0.000053 0.001219 0.000168 0.000634 0.002584 0.002402 0.002265 0.000710 0.001437 0.000999 0.002024 0.001364 0.001778 0.001415 0.000105 0.001165 0.002481 0.002478 0.001919 0.000757 0.001966 0.001704 0.000943 0.001831 
0.000442 0.001172 0.002343 0.002208 0.000879 0.000610 0.002378 0.000933 0.001828 0.002546 0.001567 0.001750 0.002286 0.001170 0.002460 0.001061 0.002169 0.001822 0.002425 0.001285 0.000575 0.002530 0.002450 0.000393 0.002346 0.001707 0.001150 
0.001650 0.000748 0.002093 0.000819 0.001190 0.000602 0.000499 0.000735 0.001481 0.001109 0.000452 0.002414 0.000275 0.000336 0.001319 0.002025 0.002622 0.002489 0.001822 0.001020 0.001996 0.000981 0.000783 0.000618 0.001556 0.000651 0.000406 
0.001949 0.000334 0.002112 0.000437 0.001984 0.000198 0.002529 0.000140 0.001389 0.000469 0.000639 0.002124 0.001950 0.001748 0.002575 0.001702 0.002023 0.000249 0.000359 0.001385 0.000208 0.000186 0.000545 0.001228 0.002182 0.001526 0.002012 
0.000138 0.000420 0.002662 0.000544 0.002369 0.000334 0.002656 0.000144 0.002318 0.000193 0.000011 0.002457 0.001581 0.000480 0.000434 0.001043 0.002431 0.002182 0.000956 0.001471 0.001543 0.001205 0.001830 0.000265 0.001413 0.002016 0.000810 
0.002642 0.001536 0.002336 0.001991 0.001674 0.000094 0.001991 0.002218 0.002464 0.002325 0.002212 0.002607 0.001980 0.002405 0.002619 0.001775 0.001324 0.000437 0.002210 0.002367 0.000205 0.001730 0.000660 0.001676 0.000610 0.001865 0.000844 
0.000875 0.000616 0.000197 0.001685 0.000595 0.001733 0.001360 0.002586 0.000746 0.001454 0.001915 0.000302 0.001255 0.001577 0.002514 0.001200 0.000895 0.002257 0.001157 0.000009 0.000918 0.001593 0.002218 0.000623 0.001798 0.001286 0.001283 
0.000812 0.001896 0.000486 0.001655 0.000109 0.001102 0.001853 0.001794 0.001698 0.000924 0.000492 0.001622 0.001670 0.001945 0.000874 0.001971 0.000538 0.002452 0.001823 0.001739 0.000685 0.001417 0.000233 0.000694 0.002336 0.001827 0.000250 
0.000296 0.000963 0.001535 0.001579 0.001775 0.000769 0.002065 0.000768 0.000878 0.000505 0.002621 0.000010 0.002203 0.000882 0.000501 0.001162 0.002552 0.002446 0.002036 0.001861 0.000323 0.001826 0.001022 0.002061 0.002511 0.002439 0.002295 
0.000542 0.002113 0.001459 0.000791 0.002409 0.002422 0.002327 0.001326 0.001534 0.000433 0.000729 0.002302 0.001311 0.001234 0.002260 0.001320 0.000775 0.000480 0.001821 0.001937 0.000370 0.001606 0.001311 0.002231 0.001928 0.000474 0.000591 
0.001327 0.000323 0.000368 0.000960 0.000865 0.002481 0.002419 0.001656 0.002228 0.002178 0.001321 0.000892 0.001050 0.001754 0.001621 0.000689 0.000403 0.000193 0.000287 0.001723 0.000968 0.000767 0.000882 0.000243 0.001138 0.002488 0.001554 
0.000707 0.001754 0.002028 0.001298 0.000419 0.002351 0.001666 0.001378 0.000553 0.001484 0.001135 0.002209 0.001050 0.000650 0.000868 0.001942 0.001700 0.002622 0.000900 0.002390 0.000362 0.001094 0.000014 0.002085 0.002062 0.000782 0.000305 
0.002304 0.001919 0.000131 0.001196 0.002626 0.001885 0.000561 0.001262 0.002303 0.000250 0.000265 0.001019 0.000803 0.001749 0.002154 0.000351 0.000137 0.000142 0.001219 0.002079 0.001842 0.001178 0.000317 0.001570 0.001540 0.001411 0.001584 
0.000964 0.000810 0.002366 0.001269 0.000452 0.001623 0.001400 0.001648 0.001587 0.000622 0.002209 0.000187 0.000263 0.002459 0.000452 0.001282 0.000600 0.002201 0.000774 0.000951 0.002338 0.000916 0.002169 0.001755 0.000097 0.000685 0.002072 
0.001666 0.002226 0.000820 0.000588 0.000527 0.001630 0.000292 0.001796 0.002083 0.001915 0.000533 0.001068 0.000840 0.001155 0.000615 0.001027 0.001419 0.000412 0.001479 0.000039 0.001012 0.001017 0.000813 0.001963 0.000693 0.001730 0.001470 
0.002448 0.001826 0.002156 0.001858 0.000830 0.001720 0.000016 0.001419 0.002247 0.001646 0.001711 0.001380 0.001067 0.000964 0.001914 0.002135 0.001804 0.000407 0.000088 0.000169 0.001826 0.000499 0.001648 0.001864 0.001512 0.000003 0.000015 
0.000813 0.000696 0.001745 0.002283 0.000482 0.000909 0.001777 0.002340 0.001739 0.000834 0.002356 0.000496 0.000418 0.001340 0.002207 0.001799 0.002407 0.000509 0.001050 0.001880 0.002313 0.001457 0.001967 0.002482 0.000621 0.002467 0.001468 
0.002485 0.001316 0.001471 0.002500 0.002129 0.002167 0.001583 0.001750 0.002650 0.002491 0.000864 0.002328 0.001568 0.001698 0.002021 0.002064 0.002116 0.000700 0.001609 0.001253 0.000444 0.002118 0.002303 0.002324 0.001769 0.001098 0.001629 
0.001589 0.001719 0.001434 0.000395 0.001541 0.000088 0.001866 0.001379 0.002217 0.001371 0.000300 0.001304 0.001359 0.000129 0.002168 0.001024 0.001698 0.001204 0.000383 0.001100 0.000658 0.001083 0.000046 0.001910 0.001527 0.002164 0.001551 
0.001189 0.001271 0.002649 0.000156 0.000198 0.001706 0.001590 0.000593 0.000585 0.001678 0.002459 0.001965 0.001232 0.001168 0.002264 0.002536 0.002526 0.002394 0.002042 0.000888 0.001429 0.000583 0.001271 0.002529 0.001241 0.002354 0.002575 
0.000489 0.001219 0.002077 0.002040 0.002409 0.000686 0.002028 0.002565 0.000883 0.001071 0.001493 0.001476 0.001656 0.000509 0.001272 0.000959 0.001741 0.002440 0.000561 0.001615 0.002304 0.000292 0.000994 0.000530 0.001721 0.001578 0.001801 
0.001588 0.000157 0.001493 0.001500 0.000646 0.000050 0.000915 0.000024 0.002459 0.001601 0.002052 0.002362 0.002485 0.000461 0.001193 0.001298 0.002117 0.001701 0.002571 0.000414 0.000780 0.002349 0.000974 0.002394 0.001990 0.001267 0.000727 
0.002520 0.000326 0.002305 0.001659 0.001913 0.002461 0.000490 0.000752 0.000445 0.000540 0.001667 0.000469 0.000337 0.000606 0.002521 0.000037 0.000428 0.000319 0.001230 0.001727 0.002437 0.000269 0.001635 0.000188 0.001048 0.001322 0.001162 
0.000781 0.000650 0.002429 0.001507 0.000508 0.000092 0.001150 0.002167 0.002006 0.000949 0.002657 0.000095 0.001394 0.000535 0.001762 0.001863 0.000872 0.002368 0.001722 0.000909 0.000134 0.002041 0.002139 0.001860 0.001815 0.002407 0.000833 
0.002003 0.000793 0.002155 0.000503 0.001574 0.000142 0.000270 0.000419 0.000650 0.000363 0.001568 0.000155 0.002368 0.002517 0.000149 0.002463 0.001249 0.000684 0.001563 0.000449 0.001556 0.001268 0.002171 0.002465 0.001402 0.001550 0.001942 
